493.028
493.124
493.158
493.147
962.199
962.997
962.544
963.018
1418.6
1419.45
1419.35
1418.18
1834.91
1836.48
1836.48
1833.97
2241.75
2241.87
2243.86
2239.53
2597.19
2596.4
2600.49
2595.62
2981.37
2985.31
2984.07
2984.48
3343.69
3350.21
3359.9
3360.43
3648.46
3645.98
3652.18
3654.67
4000.15
4009.86
4021.13
4010.61
493.526
493.543
493.56
493.549
962.65
963.643
963.622
963.578
1419.87
1420.1
1419.91
1420.01
1837.49
1837.42
1834.43
1837.49
2244.67
2245.38
2244.44
2243.03
2600.48
2598.6
2602.37
2603.95
2988.84
2988.63
2987.17
2987.59
3359.9
3361.74
3360.95
3360.95
3638.56
3654.35
3654.97
3654.35
4023
4011.36
4024.51
4024.51
493.134
493.174
493.162
493.185
962.799
962.799
962.778
962.799
1419.02
1419.07
1419.07
1417.76
1835.92
1836.47
1836.47
1836.39
2242.33
2243.38
2243.03
2242.91
2599.38
2600.16
2600.48
2595.14
2983.23
2984.88
2977.44
2984.68
3359.1
3359.89
3359.63
3359.37
3650.31
3653.41
3653.1
3653.41
4009.48
4021.49
4022.24
4022.62
493.209
493.238
493.232
493.249
962.911
962.889
962.954
962.997
1419.5
1417.85
1419.07
1419.21
1836
1836.48
1836.63
1836.55
2244.21
2244.91
2244.56
2243.97
2599.07
2600.33
2595.93
2600.65
2983.86
2984.48
2984.9
2984.69
3358.85
3350.21
3359.9
3360.17
3650.01
3653.11
3653.42
3652.18
4021.5
4023.01
4023.76
4023.76
493.662
493.696
493.684
493.701
963.816
963.427
963.924
963.924
1420.43
1420.71
1420.67
1420.81
1838.12
1838.83
1838.52
1838.44
2245.85
2245.96
2246.2
2245.85
2596.71
2601.9
2602.21
2601.9
2979.71
2987.38
2987.8
2987.17
3359.9
3361.74
3362.26
3362
3654.35
3656.21
3648.14
3655.9
4023
4025.26
4026.02
4028.28
493.311
493.379
493.408
493.436
962.921
962.921
962.899
962.921
1419.24
1419.29
1419.2
1419.29
1836.3
1838.03
1838.42
1838.26
2246.18
2246.3
2246.88
2242.42
2602.98
2602.98
2603.45
2603.61
2988.6
2989.85
2990.06
2989.22
3360.92
3363.29
3363.02
3363.55
3657.12
3658.05
3659.3
3658.67
4028.25
4028.62
4029.38
4029
493.483
493.438
493.512
493.427
963.573
963.681
963.659
963.638
1420.89
1420.85
1420.75
1420.8
1834.66
1837.4
1837.88
1838.11
2244.78
2241.26
2244.31
2244.9
2600.63
2601.1
2600.94
2597.17
2984.87
2986.33
2981.97
2986.53
3359.88
3360.93
3361.72
3361.98
3651.84
3654.02
3639.77
3654.64
4022.98
4023.73
4024.11
4024.87
494.829
494.835
494.852
494.84
965.671
965.671
965.671
965.302
1396.95
1397.13
1397.04
1397.04
1842.84
1841.73
1841.65
1838.73
2249.47
2250.06
2250.18
2249.94
2606.77
2606.77
2606.61
2606.77
2992.14
2992.97
2992.76
2992.56
3365.13
3366.71
3357.24
3366.98
3660.54
3662.42
3652.14
3661.48
4030.51
4032.03
4021.46
4032.79
496.072
496.101
496.095
496.112
968.321
968.321
968.321
968.343
1400.13
1400.17
1400.22
1400.4
1843.7
1847.03
1847.35
1846.95
2254.77
2255.37
2256.31
2255.96
2612.31
2613.42
2612.62
2612.78
2999.86
3000.48
3000.48
3000.27
3368.28
3375.16
3375.16
3374.9
3667.4
3669.91
3658.65
3669.59
4038.07
4041.11
4041.11
4040.73
493.802
493.807
493.807
493.813
963.758
963.736
963.758
963.758
1420.64
1420.69
1420.69
1420.46
1834.87
1838.09
1838.41
1838.17
2245.93
2246.52
2246.63
2246.52
2601.54
2602.49
2602.49
2602.33
2986.5
2986.92
2988.16
2987.75
3360.11
3362.47
3360.9
3359.58
3653.67
3654.91
3655.22
3655.54
4022.56
4024.45
4023.69
4025.96
495.454
495.465
495.476
495.471
967.089
967.067
967.045
967.067
1399.18
1399.37
1399.32
1399.32
1843.08
1845.06
1844.83
1844.75
2252.79
2252.9
2253.14
2253.02
2609.32
2610.11
2609.95
2609.95
2996.54
2998.63
2998.42
2998.42
3371.22
3373.61
3373.61
3373.08
3665.87
3661.19
3668.38
3668.07
4037.73
4040.77
4041.15
4040.77
